data/bathymetric_data/GEBCO2014_-71.3956_41.3653_-65.8981_45.5522_30Sec_ESRIASCII.asc
ncols        660
nrows        502
xllcorner    -71.395600000000
yllcorner    41.365300000000
dx           0.008329545455
dy           0.008340438247
NODATA_value -32768
[rows 234 to 272 of 502, columns 534 to 622 of 660]
-150 -144 -143 -137 -134 -131 -119 -120 -118 -122 -126 -126 -125 -121 -115 -112 -119 -117 -113 -110 -107 -107 -109 -113 -118 -112 -106 -101 -98 -100 -105 -108 -108 -107 -106 -106 -112 -116 -118 -119 -112 -106 -103 -107 -111 -113 -110 -107 -102 -99 -101 -101 -99 -113 -117 -100 -93 -87 -92 -96 -97 -96 -101 -90 -80 -71 -85 -75 -72 -75 -76 -71 -69 -69 -65 -65 -71 -78 -85 -74 -59 -59 -62 -54 -49 -49 -48 -47 -50
-157 -158 -169 -157 -151 -147 -134 -125 -125 -126 -132 -132 -131 -127 -121 -116 -136 -127 -122 -118 -113 -111 -112 -115 -117 -114 -110 -104 -98 -98 -102 -103 -103 -104 -105 -107 -112 -114 -116 -116 -109 -101 -98 -102 -109 -114 -111 -105 -98 -100 -100 -99 -100 -105 -110 -104 -96 -89 -97 -100 -94 -88 -90 -82 -70 -69 -77 -76 -72 -67 -70 -68 -68 -76 -66 -70 -79 -81 -83 -69 -65 -62 -59 -53 -51 -50 -46 -42 -48
-149 -157 -166 -163 -160 -153 -149 -148 -139 -140 -145 -142 -139 -135 -132 -132 -138 -130 -127 -123 -115 -112 -113 -116 -118 -117 -115 -111 -108 -105 -105 -105 -102 -101 -103 -106 -110 -112 -112 -111 -107 -102 -99 -98 -107 -114 -114 -109 -106 -107 -102 -101 -101 -100 -109 -111 -100 -92 -92 -93 -89 -84 -83 -84 -95 -84 -77 -81 -81 -68 -70 -67 -71 -73 -67 -71 -75 -79 -82 -80 -84 -67 -58 -52 -52 -52 -51 -47 -47
-157 -160 -166 -165 -163 -158 -158 -155 -150 -150 -153 -148 -147 -144 -143 -145 -147 -140 -135 -133 -114 -109 -113 -118 -122 -122 -120 -118 -116 -111 -110 -108 -100 -100 -102 -104 -109 -110 -111 -109 -108 -105 -102 -104 -110 -117 -121 -119 -112 -109 -102 -102 -103 -92 -114 -124 -101 -91 -88 -87 -85 -81 -79 -85 -89 -84 -79 -76 -68 -67 -75 -79 -80 -77 -69 -68 -70 -73 -79 -74 -84 -72 -59 -54 -54 -55 -57 -54 -49
-162 -163 -167 -168 -168 -167 -166 -162 -159 -156 -155 -151 -146 -148 -149 -152 -160 -148 -140 -146 -117 -106 -114 -121 -126 -126 -124 -121 -117 -114 -113 -111 -99 -97 -101 -104 -110 -110 -110 -110 -109 -108 -106 -108 -112 -117 -118 -115 -110 -107 -102 -104 -105 -100 -114 -112 -93 -89 -86 -86 -84 -84 -88 -88 -83 -78 -81 -76 -71 -72 -84 -86 -85 -69 -65 -63 -64 -65 -70 -71 -87 -78 -66 -58 -54 -53 -50 -52 -50
-165 -166 -169 -172 -174 -174 -171 -167 -163 -159 -156 -153 -152 -154 -154 -154 -155 -149 -143 -140 -126 -118 -119 -125 -129 -128 -125 -121 -118 -116 -115 -113 -102 -94 -103 -107 -110 -109 -109 -109 -109 -108 -107 -111 -112 -113 -111 -109 -106 -105 -104 -107 -112 -101 -109 -112 -112 -101 -92 -88 -83 -84 -89 -83 -77 -74 -78 -75 -72 -70 -80 -80 -84 -73 -67 -65 -65 -66 -68 -70 -93 -82 -71 -63 -58 -54 -52 -49 -50
-166 -168 -172 -176 -180 -181 -177 -171 -166 -161 -157 -154 -155 -160 -155 -154 -152 -148 -144 -140 -132 -126 -123 -131 -134 -131 -126 -120 -118 -117 -115 -111 -104 -101 -105 -108 -111 -109 -107 -106 -106 -105 -105 -114 -110 -107 -104 -102 -100 -104 -103 -106 -115 -112 -109 -113 -116 -109 -99 -92 -81 -81 -81 -77 -73 -76 -81 -83 -77 -74 -78 -69 -83 -74 -69 -68 -62 -67 -67 -74 -88 -80 -73 -67 -60 -57 -56 -53 -51
-168 -170 -174 -178 -181 -182 -180 -174 -168 -162 -155 -150 -148 -149 -150 -150 -149 -146 -144 -141 -138 -136 -136 -141 -139 -134 -128 -121 -120 -119 -116 -111 -105 -106 -108 -108 -110 -108 -105 -104 -103 -103 -102 -105 -103 -98 -91 -96 -100 -104 -98 -101 -123 -126 -117 -112 -113 -112 -102 -93 -87 -82 -78 -77 -78 -80 -81 -81 -74 -69 -59 -62 -68 -69 -69 -69 -62 -59 -62 -70 -84 -77 -79 -71 -61 -57 -60 -57 -52
-171 -173 -177 -180 -183 -184 -182 -177 -170 -162 -153 -141 -131 -136 -142 -140 -143 -144 -144 -144 -144 -144 -143 -137 -140 -139 -133 -127 -124 -123 -121 -118 -115 -113 -113 -111 -109 -106 -102 -100 -100 -99 -98 -99 -97 -94 -92 -95 -99 -101 -100 -105 -118 -122 -112 -104 -107 -108 -102 -97 -94 -87 -84 -83 -85 -83 -81 -80 -67 -62 -56 -56 -63 -65 -67 -74 -71 -72 -67 -67 -79 -83 -90 -77 -60 -52 -54 -53 -50
-174 -176 -179 -183 -186 -189 -188 -182 -173 -164 -153 -139 -127 -136 -144 -140 -141 -144 -145 -146 -152 -154 -155 -148 -147 -146 -138 -131 -129 -128 -127 -126 -124 -120 -118 -115 -110 -105 -98 -96 -97 -96 -95 -95 -94 -91 -92 -96 -99 -101 -101 -106 -114 -117 -106 -103 -105 -106 -99 -97 -97 -92 -89 -88 -87 -84 -75 -71 -63 -58 -55 -53 -59 -63 -68 -81 -77 -72 -68 -69 -78 -82 -83 -77 -57 -53 -52 -51 -50
-178 -179 -183 -187 -190 -194 -195 -187 -179 -169 -158 -148 -139 -142 -145 -144 -145 -147 -149 -151 -162 -162 -160 -157 -153 -148 -141 -134 -134 -133 -133 -133 -131 -126 -122 -119 -113 -106 -100 -97 -96 -95 -93 -93 -93 -92 -93 -97 -100 -103 -104 -106 -109 -109 -104 -102 -102 -103 -97 -95 -94 -93 -93 -91 -89 -85 -72 -66 -58 -52 -53 -52 -55 -60 -65 -72 -70 -68 -67 -68 -74 -79 -82 -70 -57 -55 -54 -53 -54
-183 -185 -187 -190 -193 -197 -198 -190 -182 -173 -165 -158 -152 -151 -150 -148 -151 -153 -155 -161 -166 -166 -164 -161 -156 -150 -143 -138 -139 -138 -137 -136 -134 -130 -126 -122 -115 -108 -102 -98 -96 -94 -92 -92 -93 -93 -95 -98 -102 -104 -105 -106 -107 -106 -102 -100 -98 -96 -92 -90 -90 -91 -92 -91 -90 -83 -72 -63 -54 -50 -51 -51 -54 -58 -59 -60 -64 -67 -68 -69 -66 -76 -89 -75 -62 -59 -56 -58 -62
-189 -191 -192 -193 -195 -198 -198 -191 -184 -177 -171 -166 -162 -161 -158 -155 -158 -160 -164 -171 -178 -172 -168 -165 -158 -152 -147 -144 -146 -142 -140 -139 -138 -133 -129 -125 -118 -110 -103 -99 -96 -93 -91 -92 -93 -93 -95 -98 -101 -104 -106 -106 -105 -104 -100 -97 -94 -90 -87 -85 -87 -88 -90 -88 -87 -83 -70 -60 -49 -47 -49 -50 -52 -55 -53 -48 -57 -64 -69 -75 -66 -68 -79 -72 -59 -56 -55 -57 -63
-193 -194 -194 -194 -194 -194 -192 -188 -185 -179 -175 -172 -170 -169 -167 -166 -166 -165 -169 -167 -173 -172 -169 -165 -158 -153 -149 -147 -149 -144 -142 -142 -139 -135 -131 -126 -119 -112 -106 -101 -98 -95 -93 -94 -94 -94 -96 -98 -101 -104 -106 -106 -104 -102 -96 -93 -90 -87 -85 -84 -85 -86 -86 -84 -82 -79 -69 -61 -54 -51 -51 -51 -53 -54 -55 -55 -58 -62 -67 -71 -64 -66 -80 -66 -52 -52 -52 -56 -60
-197 -197 -196 -195 -193 -191 -187 -184 -181 -179 -177 -177 -177 -177 -177 -177 -177 -174 -171 -172 -174 -172 -169 -165 -159 -152 -148 -146 -145 -142 -141 -141 -140 -136 -132 -128 -121 -114 -108 -103 -99 -96 -95 -95 -95 -95 -96 -98 -101 -104 -107 -106 -104 -101 -92 -88 -86 -85 -84 -84 -84 -84 -83 -80 -76 -71 -64 -60 -56 -55 -53 -51 -51 -54 -57 -58 -58 -60 -62 -62 -62 -89 -88 -79 -63 -55 -55 -57 -60
-199 -200 -199 -195 -192 -188 -182 -178 -178 -177 -178 -180 -183 -184 -185 -187 -188 -182 -177 -177 -177 -172 -169 -166 -158 -150 -145 -142 -140 -139 -138 -140 -141 -138 -134 -130 -123 -115 -108 -103 -99 -97 -95 -96 -97 -96 -95 -96 -100 -105 -109 -106 -101 -95 -83 -83 -83 -82 -82 -83 -84 -83 -81 -76 -71 -64 -57 -57 -57 -57 -55 -52 -52 -54 -56 -58 -57 -58 -58 -58 -59 -80 -90 -94 -70 -61 -57 -58 -63
-199 -200 -200 -195 -191 -186 -180 -175 -174 -174 -176 -180 -186 -189 -192 -192 -190 -181 -175 -174 -173 -169 -168 -166 -154 -145 -139 -136 -134 -133 -133 -135 -138 -138 -134 -129 -122 -114 -107 -103 -99 -97 -97 -98 -100 -98 -96 -95 -98 -102 -105 -105 -98 -91 -84 -83 -82 -82 -83 -83 -84 -83 -79 -73 -66 -59 -51 -53 -56 -58 -58 -55 -55 -55 -53 -50 -53 -56 -57 -60 -68 -75 -88 -85 -65 -65 -59 -58 -60
-197 -200 -201 -195 -189 -182 -175 -171 -169 -170 -172 -177 -188 -191 -199 -197 -187 -174 -167 -166 -167 -162 -161 -159 -146 -136 -131 -128 -127 -126 -126 -128 -134 -136 -131 -129 -119 -111 -105 -101 -98 -96 -97 -97 -99 -99 -96 -94 -95 -98 -98 -94 -90 -87 -83 -82 -81 -81 -81 -82 -84 -80 -76 -70 -64 -57 -50 -52 -55 -58 -60 -55 -57 -56 -53 -50 -53 -55 -56 -57 -63 -64 -78 -83 -72 -78 -66 -59 -60
-194 -196 -199 -193 -186 -178 -171 -167 -165 -164 -164 -168 -185 -184 -199 -179 -166 -158 -153 -148 -145 -146 -144 -156 -133 -126 -123 -121 -120 -119 -117 -116 -117 -121 -121 -125 -113 -106 -102 -99 -96 -96 -98 -95 -94 -93 -91 -90 -92 -94 -88 -81 -82 -82 -82 -81 -79 -78 -77 -77 -77 -75 -72 -67 -62 -57 -53 -53 -53 -55 -56 -56 -58 -57 -55 -53 -53 -54 -54 -58 -66 -69 -76 -80 -71 -71 -66 -59 -60
-186 -189 -197 -190 -184 -173 -166 -163 -160 -158 -154 -153 -185 -157 -163 -145 -142 -141 -141 -135 -134 -143 -158 -157 -135 -130 -122 -117 -115 -115 -113 -109 -107 -109 -104 -102 -99 -99 -99 -96 -94 -92 -91 -90 -89 -87 -85 -85 -85 -81 -80 -79 -78 -78 -80 -80 -76 -74 -72 -72 -71 -70 -68 -65 -61 -58 -55 -53 -51 -51 -53 -56 -59 -58 -56 -56 -54 -53 -51 -55 -67 -71 -75 -81 -58 -63 -66 -61 -65
-173 -169 -166 -176 -180 -163 -162 -161 -160 -159 -156 -154 -156 -166 -159 -147 -145 -144 -142 -139 -136 -132 -134 -152 -132 -136 -124 -120 -117 -116 -113 -111 -109 -107 -104 -102 -99 -99 -100 -99 -94 -93 -91 -90 -89 -88 -86 -88 -85 -81 -80 -78 -77 -75 -75 -73 -71 -70 -68 -68 -66 -65 -65 -63 -61 -58 -54 -52 -50 -47 -50 -53 -59 -59 -58 -57 -56 -55 -53 -55 -65 -67 -69 -93 -71 -62 -61 -59 -68
-168 -168 -168 -172 -167 -167 -165 -165 -162 -163 -161 -158 -159 -156 -155 -150 -148 -150 -145 -141 -138 -136 -133 -141 -133 -127 -124 -122 -120 -118 -114 -111 -110 -107 -105 -103 -101 -99 -103 -108 -95 -94 -92 -91 -90 -88 -86 -85 -84 -82 -81 -79 -77 -75 -74 -72 -71 -72 -69 -67 -66 -65 -64 -63 -61 -59 -56 -53 -50 -48 -51 -53 -57 -59 -59 -59 -58 -57 -54 -54 -61 -64 -64 -82 -71 -63 -60 -58 -66
-174 -171 -172 -177 -174 -182 -201 -180 -171 -173 -178 -176 -192 -169 -159 -153 -151 -150 -147 -143 -140 -138 -137 -142 -149 -142 -141 -131 -131 -122 -116 -112 -110 -108 -106 -104 -102 -100 -102 -103 -99 -95 -94 -92 -91 -89 -87 -86 -84 -83 -81 -79 -77 -75 -74 -73 -75 -83 -73 -68 -66 -65 -64 -63 -62 -61 -59 -55 -50 -49 -51 -53 -55 -57 -59 -60 -58 -54 -52 -51 -61 -73 -89 -91 -70 -61 -62 -64 -72
-176 -173 -174 -187 -173 -173 -171 -170 -169 -180 -192 -167 -164 -161 -158 -154 -152 -150 -148 -145 -142 -139 -137 -137 -136 -139 -127 -124 -121 -119 -115 -113 -111 -108 -106 -105 -102 -100 -100 -99 -101 -95 -97 -93 -92 -91 -88 -87 -85 -83 -82 -80 -77 -75 -74 -72 -70 -70 -68 -67 -65 -64 -63 -63 -62 -62 -61 -58 -57 -53 -52 -52 -54 -57 -61 -64 -59 -56 -53 -53 -62 -69 -77 -85 -74 -59 -65 -68 -75
-178 -179 -177 -182 -176 -174 -174 -172 -171 -178 -175 -166 -164 -162 -159 -157 -155 -153 -150 -147 -144 -141 -138 -136 -133 -130 -126 -124 -121 -119 -116 -113 -111 -108 -106 -104 -102 -100 -99 -99 -96 -95 -95 -93 -93 -90 -89 -88 -86 -84 -82 -80 -78 -76 -74 -71 -70 -69 -67 -65 -65 -64 -63 -62 -62 -60 -61 -58 -55 -54 -54 -54 -56 -58 -61 -63 -61 -58 -55 -54 -59 -63 -66 -70 -76 -69 -76 -76 -77
-188 -199 -187 -187 -186 -180 -178 -176 -177 -185 -178 -171 -167 -164 -158 -157 -157 -155 -152 -149 -146 -143 -140 -135 -130 -130 -128 -127 -123 -120 -117 -113 -111 -109 -106 -104 -102 -100 -99 -100 -102 -98 -101 -96 -98 -92 -90 -88 -87 -85 -83 -80 -78 -76 -74 -71 -69 -68 -65 -61 -63 -63 -63 -62 -60 -55 -51 -56 -59 -56 -56 -56 -57 -59 -61 -63 -64 -59 -54 -53 -58 -60 -62 -64 -66 -67 -77 -78 -79
-184 -184 -182 -189 -196 -183 -181 -179 -178 -201 -182 -173 -171 -168 -156 -157 -159 -157 -155 -151 -148 -145 -142 -135 -127 -131 -130 -132 -124 -123 -117 -114 -111 -109 -106 -104 -101 -100 -99 -97 -96 -94 -94 -94 -104 -92 -91 -90 -88 -86 -83 -81 -78 -76 -73 -70 -68 -67 -65 -54 -63 -63 -62 -61 -60 -54 -52 -57 -60 -60 -59 -60 -59 -59 -60 -61 -61 -58 -54 -54 -56 -59 -62 -64 -57 -64 -64 -67 -74
-186 -186 -187 -189 -188 -187 -186 -185 -182 -191 -180 -176 -177 -172 -165 -165 -163 -160 -157 -154 -150 -147 -143 -139 -135 -133 -131 -128 -124 -122 -117 -114 -111 -109 -107 -103 -101 -99 -98 -97 -96 -94 -94 -93 -98 -94 -94 -92 -90 -87 -85 -82 -79 -75 -72 -69 -68 -66 -64 -60 -63 -62 -61 -61 -61 -60 -60 -60 -60 -60 -60 -60 -59 -59 -59 -59 -60 -60 -61 -60 -58 -60 -66 -79 -92 -77 -67 -62 -63
-193 -194 -194 -195 -195 -197 -202 -197 -200 -197 -186 -186 -191 -178 -170 -168 -167 -164 -161 -158 -153 -148 -144 -140 -137 -134 -131 -129 -126 -124 -118 -114 -110 -108 -105 -102 -100 -99 -98 -98 -102 -96 -95 -94 -96 -97 -103 -97 -93 -90 -87 -83 -79 -75 -71 -68 -66 -64 -63 -61 -61 -61 -61 -61 -61 -60 -61 -60 -60 -60 -60 -60 -60 -59 -56 -57 -60 -62 -64 -65 -60 -61 -64 -68 -86 -79 -67 -58 -56
-198 -200 -199 -201 -200 -199 -195 -193 -194 -202 -184 -183 -177 -175 -169 -169 -169 -166 -163 -158 -154 -149 -145 -140 -136 -133 -132 -129 -125 -122 -116 -113 -110 -107 -103 -102 -100 -97 -96 -95 -95 -94 -94 -94 -95 -95 -97 -97 -95 -91 -89 -83 -79 -73 -69 -66 -64 -62 -60 -59 -59 -59 -60 -60 -60 -60 -60 -60 -60 -60 -60 -60 -60 -60 -52 -56 -60 -62 -64 -67 -61 -62 -64 -75 -95 -81 -67 -62 -65
-197 -198 -198 -200 -201 -204 -204 -205 -204 -200 -191 -188 -189 -181 -173 -171 -171 -167 -164 -158 -152 -148 -143 -139 -134 -132 -130 -128 -126 -122 -117 -112 -109 -106 -103 -101 -98 -96 -95 -93 -93 -94 -96 -95 -94 -95 -97 -98 -99 -94 -91 -86 -79 -66 -54 -63 -62 -59 -58 -57 -56 -52 -58 -59 -60 -60 -60 -60 -59 -59 -59 -60 -60 -60 -57 -59 -60 -61 -63 -65 -66 -65 -61 -72 -88 -77 -61 -61 -68
-198 -200 -200 -201 -203 -205 -207 -204 -200 -195 -191 -192 -187 -180 -174 -169 -163 -165 -167 -164 -154 -147 -142 -138 -134 -131 -130 -129 -129 -123 -118 -113 -108 -106 -104 -101 -99 -97 -95 -92 -92 -93 -94 -94 -93 -91 -96 -98 -99 -98 -93 -83 -68 -64 -57 -60 -60 -57 -55 -55 -57 -54 -57 -58 -59 -59 -59 -59 -58 -56 -50 -56 -59 -60 -59 -59 -59 -60 -60 -63 -71 -72 -60 -69 -92 -78 -63 -57 -62
-199 -200 -201 -201 -202 -204 -204 -198 -191 -187 -183 -182 -180 -176 -172 -169 -166 -163 -159 -156 -151 -145 -141 -136 -133 -130 -128 -126 -124 -121 -118 -114 -110 -105 -102 -100 -100 -99 -95 -92 -91 -92 -94 -95 -94 -94 -95 -97 -97 -99 -92 -85 -75 -67 -60 -61 -60 -53 -51 -51 -54 -54 -56 -57 -58 -58 -59 -60 -58 -58 -58 -59 -60 -60 -60 -60 -60 -60 -61 -63 -67 -68 -62 -68 -83 -74 -61 -55 -56
-199 -199 -200 -200 -201 -202 -201 -194 -187 -182 -183 -182 -178 -174 -171 -167 -164 -160 -152 -152 -149 -144 -139 -135 -132 -129 -127 -124 -122 -120 -117 -114 -109 -103 -100 -98 -99 -98 -94 -91 -88 -92 -96 -97 -96 -95 -96 -97 -91 -88 -80 -75 -71 -64 -61 -60 -56 -53 -53 -48 -54 -54 -53 -55 -55 -50 -59 -60 -54 -47 -59 -60 -61 -61 -61 -61 -61 -61 -61 -62 -64 -68 -70 -72 -75 -69 -61 -56 -55
-198 -198 -199 -200 -201 -203 -198 -192 -185 -183 -184 -182 -178 -173 -171 -169 -163 -158 -152 -149 -145 -141 -138 -134 -131 -127 -126 -123 -121 -118 -114 -111 -106 -101 -98 -96 -96 -95 -93 -90 -91 -94 -101 -100 -98 -96 -94 -89 -78 -73 -66 -63 -55 -55 -58 -56 -51 -52 -53 -53 -55 -53 -53 -54 -54 -55 -58 -58 -56 -54 -59 -60 -61 -61 -62 -62 -62 -62 -62 -62 -63 -68 -70 -75 -72 -67 -61 -56 -57
-196 -196 -198 -199 -200 -200 -194 -191 -186 -185 -185 -184 -177 -171 -167 -163 -159 -155 -151 -147 -143 -140 -136 -133 -130 -127 -125 -122 -120 -115 -110 -107 -104 -100 -95 -94 -95 -93 -93 -92 -96 -99 -103 -101 -97 -94 -88 -82 -63 -64 -62 -62 -59 -58 -59 -57 -56 -56 -58 -57 -58 -53 -55 -55 -54 -59 -59 -59 -57 -60 -61 -61 -61 -61 -63 -63 -62 -63 -63 -64 -70 -69 -64 -79 -71 -67 -67 -60 -60
-195 -195 -196 -199 -199 -196 -193 -190 -187 -185 -184 -181 -176 -169 -165 -161 -158 -154 -151 -147 -144 -139 -135 -133 -129 -125 -123 -122 -116 -111 -106 -101 -101 -99 -98 -96 -98 -97 -96 -96 -101 -106 -107 -100 -94 -88 -79 -73 -64 -62 -61 -64 -60 -59 -60 -60 -58 -57 -58 -59 -59 -57 -58 -59 -61 -59 -58 -58 -56 -59 -61 -62 -59 -61 -65 -62 -62 -66 -65 -63 -64 -64 -63 -71 -69 -66 -78 -72 -65
-192 -193 -194 -195 -194 -193 -191 -188 -186 -184 -182 -178 -173 -168 -165 -160 -156 -153 -151 -152 -144 -138 -132 -130 -126 -122 -120 -117 -111 -107 -102 -97 -99 -100 -99 -101 -104 -103 -101 -101 -105 -107 -109 -97 -87 -77 -75 -71 -67 -64 -63 -64 -65 -62 -62 -65 -61 -59 -62 -62 -63 -65 -61 -61 -62 -59 -60 -62 -68 -64 -63 -63 -54 -62 -72 -67 -68 -75 -69 -65 -64 -63 -71 -93 -93 -69 -67 -69 -68
-189 -190 -191 -193 -191 -190 -188 -186 -184 -182 -180 -177 -171 -165 -162 -157 -153 -150 -147 -143 -139 -136 -133 -130 -124 -119 -116 -112 -107 -105 -100 -97 -100 -101 -103 -105 -108 -111 -109 -107 -108 -101 -94 -88 -84 -81 -77 -73 -68 -64 -64 -65 -62 -62 -62 -62 -61 -56 -58 -62 -64 -63 -60 -62 -64 -63 -62 -60 -63 -62 -63 -63 -62 -62 -66 -62 -63 -64 -65 -65 -66 -65 -65 -72 -69 -73 -67 -60 -67
