data/bathymetric_data/GEBCO2014_-71.3956_41.3653_-65.8981_45.5522_30Sec_ESRIASCII.asc
ncols        660
nrows        502
xllcorner    -71.395600000000
yllcorner    41.365300000000
dx           0.008329545455
dy           0.008340438247
NODATA_value -32768
[rows 312 to 350 of 502, columns 445 to 533 of 660]
-191 -194 -195 -196 -198 -200 -202 -205 -209 -212 -212 -211 -214 -215 -216 -219 -222 -225 -227 -230 -228 -227 -226 -225 -225 -224 -225 -228 -231 -232 -233 -233 -230 -235 -234 -237 -237 -238 -244 -251 -258 -260 -258 -257 -253 -253 -257 -259 -260 -259 -257 -256 -256 -255 -253 -252 -253 -249 -244 -243 -244 -246 -247 -247 -246 -243 -240 -238 -235 -232 -230 -229 -226 -220 -223 -223 -222 -213 -224 -227 -224 -218 -211 -207 -201 -197 -192 -188 -184
-190 -195 -196 -197 -197 -198 -202 -206 -209 -211 -211 -211 -214 -217 -218 -220 -223 -226 -228 -232 -229 -227 -226 -226 -227 -227 -228 -232 -235 -235 -236 -236 -230 -233 -231 -228 -237 -240 -245 -249 -251 -253 -253 -252 -252 -252 -256 -260 -262 -260 -256 -254 -251 -248 -246 -244 -241 -239 -239 -239 -240 -244 -246 -248 -247 -244 -241 -241 -238 -236 -234 -231 -228 -224 -225 -226 -225 -223 -227 -227 -224 -221 -218 -209 -203 -198 -192 -186 -183
-187 -196 -198 -198 -195 -197 -202 -205 -209 -210 -207 -209 -213 -215 -217 -222 -224 -224 -224 -226 -228 -226 -226 -229 -230 -231 -235 -241 -244 -237 -241 -245 -241 -243 -251 -254 -248 -240 -244 -239 -240 -244 -246 -248 -249 -249 -255 -259 -263 -261 -255 -251 -243 -239 -238 -236 -222 -228 -233 -235 -235 -243 -246 -248 -248 -243 -241 -243 -241 -239 -236 -233 -231 -226 -227 -226 -226 -227 -229 -224 -221 -220 -218 -208 -206 -200 -192 -185 -183
-195 -196 -198 -200 -199 -201 -204 -207 -210 -212 -210 -211 -215 -214 -217 -221 -226 -223 -225 -227 -230 -228 -233 -234 -234 -236 -243 -248 -256 -240 -245 -247 -247 -251 -253 -250 -245 -239 -241 -236 -239 -239 -241 -244 -247 -249 -253 -255 -257 -255 -251 -245 -238 -235 -236 -235 -231 -231 -234 -236 -238 -243 -246 -248 -247 -243 -242 -243 -241 -239 -237 -234 -234 -224 -225 -224 -224 -227 -231 -226 -222 -218 -145 -187 -212 -203 -196 -190 -188
-197 -197 -199 -200 -200 -203 -206 -209 -211 -212 -212 -213 -215 -216 -218 -223 -227 -228 -221 -229 -232 -231 -244 -241 -238 -240 -242 -249 -250 -243 -244 -248 -249 -251 -253 -251 -246 -240 -235 -228 -231 -233 -236 -240 -243 -248 -250 -251 -251 -249 -246 -241 -235 -230 -235 -237 -237 -236 -237 -239 -242 -245 -247 -248 -247 -242 -241 -242 -240 -237 -234 -232 -230 -223 -220 -220 -219 -224 -228 -224 -220 -214 -189 -204 -209 -203 -198 -195 -191
-201 -201 -203 -203 -204 -207 -209 -211 -213 -214 -214 -215 -216 -217 -219 -224 -229 -230 -237 -237 -238 -241 -259 -247 -240 -245 -251 -249 -245 -241 -241 -246 -249 -251 -251 -250 -247 -242 -236 -230 -232 -234 -234 -237 -241 -248 -249 -248 -247 -246 -244 -239 -233 -227 -237 -241 -241 -239 -239 -241 -244 -245 -247 -248 -246 -241 -239 -240 -238 -235 -229 -225 -225 -221 -218 -219 -223 -224 -224 -222 -220 -220 -216 -211 -207 -202 -198 -199 -193
-207 -208 -208 -209 -210 -212 -213 -215 -216 -217 -218 -218 -217 -218 -220 -225 -231 -233 -237 -238 -239 -239 -243 -242 -241 -243 -247 -245 -242 -238 -239 -245 -249 -250 -251 -249 -247 -243 -240 -238 -237 -237 -235 -236 -241 -246 -247 -246 -245 -245 -244 -240 -238 -235 -238 -238 -240 -240 -240 -242 -244 -245 -246 -248 -245 -240 -237 -237 -235 -232 -225 -217 -217 -216 -217 -219 -222 -222 -221 -220 -220 -220 -216 -209 -204 -200 -196 -194 -190
-215 -215 -214 -215 -216 -216 -217 -219 -220 -221 -221 -219 -219 -220 -221 -227 -232 -235 -238 -236 -235 -234 -236 -239 -240 -242 -244 -242 -238 -236 -238 -245 -249 -251 -252 -249 -245 -242 -241 -242 -242 -239 -236 -233 -241 -249 -247 -246 -245 -244 -242 -240 -239 -238 -238 -238 -239 -239 -240 -241 -242 -243 -244 -245 -244 -239 -236 -235 -232 -228 -222 -214 -211 -208 -212 -216 -218 -218 -218 -215 -217 -218 -214 -206 -201 -197 -194 -192 -186
-221 -221 -219 -220 -221 -220 -220 -223 -224 -226 -225 -222 -220 -221 -223 -227 -233 -235 -237 -232 -230 -228 -235 -238 -238 -240 -242 -239 -235 -234 -239 -244 -250 -250 -252 -246 -241 -238 -241 -246 -248 -245 -241 -240 -247 -256 -248 -245 -243 -240 -239 -238 -239 -240 -238 -238 -237 -237 -238 -238 -238 -237 -240 -243 -243 -238 -235 -232 -230 -226 -220 -213 -209 -198 -207 -212 -215 -216 -215 -216 -217 -216 -211 -202 -198 -196 -196 -197 -193
-217 -217 -218 -221 -222 -223 -223 -225 -226 -227 -226 -223 -221 -223 -225 -225 -229 -231 -233 -230 -229 -230 -233 -237 -234 -236 -238 -237 -233 -239 -243 -243 -245 -245 -244 -238 -234 -235 -238 -243 -245 -244 -240 -240 -244 -249 -243 -241 -239 -233 -234 -235 -237 -238 -238 -236 -236 -236 -236 -236 -235 -234 -237 -239 -240 -237 -234 -231 -228 -224 -219 -214 -210 -204 -205 -210 -213 -215 -215 -214 -216 -215 -208 -203 -200 -199 -198 -199 -198
-212 -213 -213 -219 -222 -225 -225 -226 -227 -228 -227 -224 -223 -223 -222 -212 -218 -225 -230 -230 -228 -228 -229 -231 -231 -232 -235 -236 -240 -246 -252 -247 -241 -236 -232 -225 -223 -228 -233 -237 -240 -240 -238 -238 -241 -243 -239 -238 -231 -225 -226 -229 -231 -233 -233 -233 -234 -234 -234 -234 -234 -233 -235 -237 -238 -236 -234 -230 -226 -223 -219 -215 -211 -208 -207 -210 -212 -213 -214 -213 -212 -210 -208 -205 -203 -203 -202 -202 -201
-209 -208 -206 -218 -222 -227 -227 -227 -226 -228 -228 -223 -223 -222 -215 -191 -208 -220 -229 -230 -226 -225 -225 -227 -227 -227 -227 -232 -250 -250 -250 -240 -233 -225 -221 -216 -209 -221 -226 -231 -233 -233 -232 -231 -233 -233 -230 -228 -222 -218 -219 -223 -223 -226 -227 -229 -230 -230 -230 -231 -232 -232 -232 -234 -236 -236 -233 -229 -225 -221 -218 -215 -213 -210 -209 -210 -212 -211 -211 -209 -208 -206 -205 -205 -204 -206 -205 -204 -203
-210 -211 -206 -220 -225 -228 -228 -229 -226 -230 -228 -225 -222 -222 -209 -197 -209 -218 -226 -229 -224 -222 -222 -223 -223 -223 -223 -227 -265 -240 -241 -230 -226 -217 -212 -208 -206 -213 -218 -223 -226 -227 -224 -220 -223 -223 -222 -221 -217 -214 -215 -217 -217 -220 -223 -225 -226 -225 -224 -227 -228 -229 -229 -231 -233 -234 -230 -226 -222 -219 -216 -214 -211 -209 -208 -208 -209 -208 -207 -205 -203 -202 -200 -201 -202 -204 -207 -207 -204
-214 -216 -216 -223 -228 -229 -229 -231 -229 -230 -226 -222 -220 -217 -209 -204 -209 -214 -218 -220 -218 -218 -219 -220 -219 -218 -216 -216 -229 -220 -219 -218 -221 -213 -211 -205 -203 -201 -208 -211 -206 -210 -203 -204 -212 -215 -213 -216 -218 -221 -213 -205 -214 -216 -217 -216 -219 -219 -216 -220 -223 -224 -225 -225 -224 -225 -224 -222 -218 -215 -211 -208 -207 -205 -205 -204 -204 -203 -201 -200 -199 -197 -196 -196 -198 -200 -202 -203 -201
-219 -221 -222 -227 -232 -231 -230 -233 -232 -232 -225 -220 -218 -214 -208 -206 -209 -211 -211 -211 -209 -214 -216 -216 -216 -214 -208 -198 -203 -197 -199 -200 -206 -202 -201 -201 -201 -201 -205 -208 -206 -210 -210 -205 -210 -213 -215 -215 -215 -216 -213 -211 -212 -213 -214 -216 -217 -215 -214 -217 -218 -220 -220 -220 -218 -219 -218 -217 -215 -211 -206 -203 -203 -201 -201 -200 -200 -199 -197 -197 -196 -193 -192 -188 -193 -196 -197 -198 -196
-219 -221 -223 -227 -231 -232 -232 -235 -233 -228 -228 -224 -221 -215 -207 -206 -210 -211 -208 -199 -197 -208 -213 -214 -214 -210 -199 -188 -195 -198 -200 -202 -204 -203 -201 -196 -193 -197 -201 -204 -203 -199 -203 -200 -207 -210 -213 -213 -212 -212 -210 -210 -209 -208 -209 -212 -212 -212 -212 -212 -213 -215 -215 -213 -208 -213 -214 -214 -214 -211 -207 -206 -205 -204 -203 -201 -200 -199 -197 -197 -196 -192 -186 -177 -188 -191 -192 -192 -190
-218 -219 -221 -224 -227 -229 -231 -234 -236 -236 -235 -230 -226 -221 -216 -214 -216 -217 -215 -210 -207 -210 -212 -214 -214 -211 -202 -190 -200 -205 -206 -207 -208 -208 -208 -207 -187 -194 -199 -202 -203 -201 -202 -200 -200 -208 -211 -211 -211 -210 -209 -208 -206 -204 -201 -200 -205 -208 -209 -210 -210 -211 -211 -211 -209 -212 -214 -215 -215 -215 -213 -212 -210 -209 -207 -205 -204 -202 -200 -199 -196 -192 -187 -183 -185 -186 -183 -178 -183
-217 -217 -219 -220 -222 -225 -227 -234 -240 -245 -242 -235 -232 -227 -224 -222 -223 -224 -226 -223 -218 -214 -213 -216 -218 -218 -218 -220 -217 -216 -214 -214 -214 -213 -211 -200 -198 -200 -201 -203 -204 -204 -203 -204 -208 -212 -211 -211 -210 -209 -208 -207 -205 -202 -204 -205 -206 -205 -207 -208 -208 -208 -210 -210 -211 -214 -214 -218 -219 -220 -220 -219 -217 -213 -211 -210 -207 -205 -203 -203 -197 -192 -190 -186 -184 -183 -180 -179 -181
-213 -214 -216 -216 -216 -218 -221 -231 -240 -244 -239 -235 -234 -229 -228 -229 -229 -230 -233 -235 -229 -220 -219 -222 -223 -225 -230 -235 -229 -226 -222 -221 -220 -217 -214 -210 -208 -205 -203 -200 -200 -200 -200 -203 -206 -210 -210 -209 -209 -208 -207 -206 -205 -203 -204 -207 -208 -202 -206 -208 -210 -210 -212 -213 -215 -218 -219 -223 -224 -225 -227 -225 -221 -217 -214 -212 -209 -206 -203 -199 -194 -190 -187 -183 -181 -179 -177 -176 -178
-207 -210 -211 -210 -209 -208 -214 -228 -240 -237 -232 -229 -227 -226 -226 -228 -230 -231 -234 -235 -231 -227 -226 -228 -228 -230 -233 -236 -233 -232 -234 -240 -231 -226 -221 -217 -215 -212 -204 -197 -195 -193 -197 -200 -204 -207 -207 -207 -207 -206 -206 -206 -206 -206 -207 -210 -211 -209 -211 -213 -215 -215 -217 -219 -221 -223 -225 -228 -228 -228 -228 -226 -223 -218 -214 -211 -208 -204 -201 -196 -191 -186 -181 -178 -176 -173 -169 -166 -172
-200 -205 -205 -204 -202 -194 -201 -222 -231 -226 -224 -222 -219 -221 -222 -227 -229 -230 -233 -234 -232 -231 -232 -233 -231 -232 -233 -235 -234 -233 -235 -234 -233 -231 -226 -219 -215 -209 -201 -193 -191 -187 -194 -199 -202 -207 -208 -205 -205 -202 -204 -206 -206 -207 -210 -213 -215 -216 -217 -220 -222 -220 -221 -224 -226 -228 -229 -233 -230 -229 -228 -227 -223 -217 -213 -209 -206 -202 -198 -192 -187 -181 -174 -172 -171 -169 -165 -167 -171
-193 -199 -199 -198 -195 -183 -195 -215 -221 -219 -218 -219 -218 -219 -222 -225 -226 -226 -230 -229 -229 -229 -229 -229 -228 -227 -228 -228 -233 -227 -228 -230 -231 -227 -221 -215 -210 -206 -202 -199 -199 -196 -197 -200 -202 -204 -205 -204 -202 -198 -198 -203 -205 -209 -213 -215 -218 -219 -221 -223 -224 -222 -220 -222 -224 -226 -227 -229 -227 -226 -224 -223 -221 -214 -209 -207 -204 -199 -194 -189 -183 -177 -172 -170 -169 -168 -166 -168 -171
-186 -192 -192 -189 -185 -182 -194 -211 -213 -212 -212 -212 -213 -215 -217 -219 -220 -221 -223 -223 -222 -222 -223 -222 -220 -219 -220 -222 -224 -222 -222 -223 -223 -221 -214 -207 -202 -201 -201 -202 -204 -204 -203 -204 -205 -205 -206 -204 -199 -191 -186 -198 -204 -209 -213 -216 -218 -221 -222 -222 -219 -211 -214 -217 -219 -221 -222 -225 -223 -221 -218 -215 -212 -209 -206 -203 -199 -194 -189 -184 -179 -175 -171 -170 -170 -168 -167 -167 -169
-179 -187 -186 -183 -176 -175 -188 -202 -204 -204 -204 -205 -207 -209 -211 -212 -213 -214 -217 -216 -214 -214 -216 -213 -210 -208 -210 -213 -215 -216 -216 -216 -213 -209 -205 -199 -192 -196 -201 -205 -209 -212 -210 -209 -208 -208 -209 -206 -203 -199 -199 -202 -206 -209 -213 -215 -219 -222 -222 -222 -220 -214 -213 -213 -214 -216 -217 -221 -219 -216 -212 -206 -204 -203 -203 -200 -195 -191 -184 -179 -176 -173 -171 -171 -171 -169 -166 -166 -165
-176 -180 -182 -181 -178 -179 -185 -195 -197 -195 -197 -198 -200 -203 -203 -199 -202 -205 -206 -204 -203 -203 -201 -198 -196 -196 -198 -203 -207 -209 -209 -209 -207 -201 -198 -196 -193 -197 -203 -208 -214 -221 -215 -213 -212 -213 -213 -210 -208 -204 -204 -204 -206 -208 -211 -213 -217 -220 -220 -220 -218 -215 -212 -210 -209 -211 -213 -215 -214 -212 -207 -201 -201 -198 -201 -199 -197 -192 -186 -182 -180 -178 -176 -176 -174 -172 -169 -168 -168
-177 -180 -183 -184 -184 -185 -188 -193 -195 -196 -197 -198 -199 -199 -197 -190 -195 -198 -198 -198 -196 -194 -193 -192 -191 -191 -195 -199 -203 -205 -207 -207 -206 -203 -203 -202 -199 -201 -206 -211 -216 -219 -217 -215 -215 -215 -214 -212 -209 -206 -206 -205 -205 -206 -209 -212 -215 -217 -218 -218 -216 -213 -210 -206 -204 -208 -210 -212 -212 -210 -206 -201 -200 -199 -198 -196 -196 -194 -191 -189 -188 -186 -185 -185 -180 -177 -175 -172 -170
-180 -181 -185 -188 -190 -191 -191 -193 -195 -197 -199 -199 -199 -198 -198 -196 -195 -195 -194 -194 -192 -188 -186 -187 -188 -189 -194 -197 -201 -203 -206 -207 -208 -207 -209 -211 -203 -204 -209 -214 -217 -218 -217 -216 -216 -216 -215 -212 -210 -207 -206 -205 -204 -204 -207 -211 -214 -216 -217 -216 -214 -211 -208 -205 -205 -208 -210 -211 -212 -210 -207 -202 -202 -201 -199 -193 -196 -196 -195 -196 -196 -194 -193 -191 -184 -180 -177 -173 -172
-184 -185 -187 -190 -191 -192 -193 -193 -193 -194 -198 -198 -197 -196 -197 -200 -198 -196 -196 -195 -195 -192 -190 -190 -193 -194 -196 -198 -201 -204 -207 -209 -210 -213 -215 -216 -208 -205 -211 -213 -214 -216 -216 -215 -215 -216 -215 -212 -210 -207 -206 -205 -201 -199 -206 -211 -214 -216 -217 -216 -214 -212 -211 -209 -209 -210 -212 -213 -213 -213 -212 -209 -208 -208 -207 -203 -202 -202 -201 -203 -204 -203 -201 -198 -190 -184 -180 -177 -174
-185 -186 -186 -187 -187 -189 -191 -189 -188 -189 -190 -191 -192 -191 -194 -195 -195 -195 -196 -196 -196 -194 -192 -192 -193 -194 -197 -200 -203 -206 -209 -211 -211 -212 -213 -212 -205 -202 -211 -206 -208 -210 -211 -212 -214 -214 -214 -212 -210 -208 -206 -205 -202 -199 -201 -210 -215 -217 -218 -217 -215 -214 -214 -214 -215 -216 -217 -218 -215 -218 -218 -218 -217 -217 -217 -214 -212 -211 -210 -211 -211 -210 -207 -202 -196 -191 -186 -182 -178
-186 -186 -185 -185 -185 -185 -185 -182 -182 -182 -183 -184 -185 -183 -190 -191 -192 -194 -196 -196 -196 -194 -192 -192 -193 -194 -196 -201 -205 -209 -212 -213 -212 -211 -212 -210 -199 -188 -195 -191 -200 -203 -205 -210 -213 -213 -212 -211 -210 -208 -207 -208 -206 -205 -209 -215 -219 -221 -221 -220 -217 -215 -218 -220 -221 -222 -223 -224 -217 -226 -226 -226 -227 -227 -227 -226 -222 -221 -220 -220 -218 -217 -213 -208 -201 -198 -192 -188 -183
-185 -185 -184 -183 -182 -181 -180 -179 -179 -179 -179 -176 -174 -171 -184 -186 -187 -190 -193 -192 -191 -190 -190 -190 -191 -194 -198 -203 -208 -211 -214 -216 -215 -212 -215 -212 -202 -196 -194 -186 -196 -202 -205 -210 -213 -213 -208 -212 -213 -212 -212 -213 -212 -213 -217 -221 -223 -225 -226 -225 -224 -223 -225 -226 -228 -229 -229 -230 -228 -232 -233 -234 -235 -236 -236 -234 -232 -230 -229 -228 -226 -224 -219 -215 -209 -205 -200 -196 -191
-182 -182 -182 -180 -179 -178 -178 -177 -176 -176 -174 -171 -173 -177 -179 -182 -184 -186 -186 -186 -186 -186 -187 -189 -193 -197 -201 -207 -214 -224 -221 -221 -223 -224 -226 -224 -217 -209 -207 -204 -204 -207 -211 -215 -216 -214 -215 -217 -217 -218 -219 -221 -221 -222 -225 -225 -223 -228 -231 -232 -232 -232 -233 -233 -234 -235 -236 -237 -237 -239 -240 -242 -243 -244 -245 -243 -241 -239 -237 -236 -234 -232 -228 -223 -218 -214 -210 -207 -202
-178 -181 -181 -180 -178 -178 -178 -178 -176 -178 -175 -173 -174 -187 -178 -181 -184 -186 -185 -184 -184 -183 -188 -192 -197 -200 -205 -209 -214 -219 -223 -227 -231 -238 -240 -240 -235 -227 -224 -225 -227 -220 -220 -223 -224 -222 -224 -226 -227 -228 -228 -230 -232 -233 -234 -235 -234 -237 -238 -239 -241 -242 -241 -240 -241 -241 -242 -243 -244 -246 -247 -249 -251 -253 -253 -251 -249 -246 -245 -243 -242 -240 -236 -232 -228 -225 -222 -220 -215
-180 -182 -183 -182 -180 -178 -182 -183 -183 -185 -182 -180 -183 -189 -187 -188 -192 -192 -191 -188 -189 -191 -192 -196 -201 -204 -209 -213 -215 -222 -226 -232 -236 -245 -250 -252 -247 -242 -238 -238 -238 -235 -233 -234 -235 -236 -237 -238 -239 -239 -240 -240 -242 -243 -242 -243 -243 -245 -246 -247 -249 -250 -248 -247 -247 -248 -248 -249 -250 -252 -254 -256 -258 -262 -261 -258 -256 -253 -251 -250 -248 -246 -244 -242 -238 -235 -232 -230 -226
-184 -186 -187 -187 -186 -183 -188 -189 -188 -192 -193 -192 -194 -196 -198 -198 -198 -198 -198 -194 -194 -194 -195 -197 -201 -205 -211 -215 -219 -223 -222 -212 -229 -243 -251 -255 -253 -250 -247 -246 -247 -248 -245 -245 -246 -248 -249 -249 -250 -251 -251 -250 -250 -251 -250 -249 -250 -251 -254 -253 -255 -256 -255 -254 -253 -253 -254 -255 -257 -258 -260 -262 -265 -267 -268 -265 -263 -260 -257 -255 -254 -252 -250 -249 -246 -244 -241 -238 -235
-189 -191 -193 -194 -196 -199 -199 -196 -192 -199 -201 -200 -203 -203 -204 -202 -202 -202 -202 -200 -199 -198 -197 -198 -200 -206 -212 -218 -223 -228 -232 -236 -236 -245 -249 -253 -256 -254 -252 -251 -253 -256 -254 -253 -255 -258 -259 -258 -259 -259 -260 -258 -257 -257 -256 -255 -255 -255 -257 -257 -260 -261 -260 -259 -259 -259 -260 -261 -262 -264 -266 -269 -271 -273 -274 -272 -269 -266 -264 -261 -260 -258 -257 -255 -254 -252 -249 -246 -243
-194 -197 -198 -200 -202 -205 -205 -201 -199 -200 -203 -204 -205 -205 -205 -204 -205 -205 -206 -203 -202 -201 -199 -199 -200 -208 -214 -219 -224 -229 -234 -237 -239 -244 -244 -253 -253 -255 -255 -256 -258 -262 -261 -258 -262 -264 -262 -262 -265 -266 -266 -263 -262 -261 -260 -260 -260 -260 -261 -262 -264 -264 -264 -264 -264 -265 -265 -266 -268 -270 -272 -275 -278 -280 -281 -278 -275 -272 -269 -267 -265 -264 -263 -261 -260 -259 -256 -253 -250
-198 -201 -202 -203 -204 -208 -207 -206 -205 -204 -205 -207 -207 -205 -201 -204 -206 -208 -208 -207 -205 -204 -202 -201 -205 -211 -216 -221 -226 -231 -235 -239 -240 -237 -225 -244 -253 -256 -258 -260 -263 -267 -266 -264 -266 -264 -255 -262 -268 -270 -269 -267 -266 -266 -264 -264 -264 -264 -265 -266 -266 -268 -268 -268 -269 -269 -270 -271 -273 -275 -277 -281 -283 -285 -287 -284 -280 -277 -275 -273 -271 -269 -268 -267 -266 -265 -263 -260 -256
-200 -202 -204 -205 -207 -209 -208 -210 -209 -207 -206 -208 -209 -209 -210 -208 -209 -210 -210 -210 -209 -209 -209 -208 -211 -215 -220 -224 -229 -233 -237 -242 -244 -248 -249 -254 -257 -258 -260 -263 -266 -270 -269 -268 -268 -269 -268 -268 -271 -271 -271 -269 -268 -268 -267 -267 -268 -268 -269 -270 -273 -273 -272 -273 -273 -274 -275 -276 -277 -279 -281 -284 -287 -290 -290 -287 -284 -281 -279 -278 -276 -275 -273 -273 -272 -270 -268 -266 -263
