data/bathymetric_data/GEBCO2014_-71.3956_41.3653_-65.8981_45.5522_30Sec_ESRIASCII.asc
ncols        660
nrows        502
xllcorner    -71.395600000000
yllcorner    41.365300000000
dx           0.008329545455
dy           0.008340438247
NODATA_value -32768
[rows 351 to 389 of 502, columns 89 to 177 of 660]
36 18 8 4 2 -10 -17 -16 -15 -12 -22 -32 -44 -54 -62 -69 -72 -78 -83 -85 -90 -95 -98 -102 -108 -111 -110 -94 -88 -79 -79 -79 -81 -82 -80 -76 -73 -70 -77 -75 -90 -100 -94 -89 -108 -121 -85 -75 -71 -73 -75 -76 -74 -71 -66 -72 -72 -73 -78 -81 -86 -87 -88 -91 -95 -100 -104 -110 -115 -122 -128 -124 -123 -123 -124 -122 -120 -121 -121 -137 -158 -173 -183 -176 -171 -168 -171 -175 -179
4 24 19 -8 -18 -22 -25 -21 -15 -26 -37 -44 -50 -57 -64 -67 -68 -70 -74 -77 -88 -92 -95 -98 -105 -110 -118 -117 -109 -108 -102 -84 -84 -86 -85 -84 -83 -70 -76 -80 -99 -112 -73 -67 -68 -98 -89 -72 -66 -68 -71 -71 -73 -74 -75 -75 -71 -71 -76 -80 -83 -85 -87 -89 -93 -96 -99 -103 -110 -118 -126 -126 -126 -126 -125 -124 -124 -125 -125 -132 -150 -169 -190 -178 -171 -169 -170 -173 -177
11 26 16 -8 -14 -19 -28 -33 -35 -41 -45 -50 -54 -59 -64 -65 -69 -64 -68 -65 -77 -82 -80 -80 -88 -94 -96 -104 -106 -116 -118 -92 -90 -91 -90 -88 -86 -86 -83 -79 -102 -104 -77 -63 -61 -79 -97 -81 -70 -68 -71 -72 -73 -75 -83 -79 -75 -75 -76 -79 -82 -83 -86 -88 -91 -93 -96 -100 -106 -114 -122 -127 -128 -128 -127 -127 -130 -132 -130 -133 -142 -157 -170 -168 -167 -167 -169 -173 -176
8 12 3 -14 -22 -24 -35 -40 -42 -46 -51 -53 -51 -58 -63 -64 -63 -68 -71 -70 -78 -79 -74 -61 -73 -75 -77 -86 -92 -118 -131 -99 -93 -96 -93 -88 -83 -80 -80 -98 -127 -124 -85 -62 -58 -67 -94 -93 -80 -67 -66 -69 -67 -72 -76 -74 -72 -74 -75 -76 -78 -80 -84 -89 -91 -94 -96 -99 -104 -111 -116 -124 -130 -132 -135 -135 -136 -136 -135 -134 -141 -153 -161 -162 -162 -163 -167 -172 -174
8 -8 -16 -27 -34 -38 -41 -44 -47 -50 -53 -46 -53 -60 -67 -69 -73 -69 -63 -73 -83 -86 -89 -81 -78 -74 -75 -78 -103 -125 -129 -109 -99 -106 -98 -90 -86 -75 -85 -115 -159 -132 -95 -74 -65 -70 -90 -112 -88 -73 -68 -70 -72 -72 -72 -70 -73 -76 -76 -76 -75 -77 -80 -84 -88 -91 -95 -98 -103 -110 -115 -122 -128 -134 -141 -146 -140 -136 -136 -137 -142 -150 -156 -158 -159 -161 -165 -170 -174
1 -26 -35 -38 -40 -44 -46 -49 -51 -53 -57 -58 -61 -62 -67 -67 -72 -73 -72 -77 -84 -88 -89 -96 -89 -86 -83 -92 -121 -134 -137 -119 -114 -116 -105 -105 -102 -92 -87 -112 -167 -131 -97 -83 -68 -66 -78 -113 -83 -72 -67 -70 -71 -71 -73 -72 -76 -79 -78 -77 -75 -75 -76 -81 -86 -90 -94 -99 -103 -109 -115 -119 -126 -132 -137 -141 -138 -133 -137 -137 -140 -147 -153 -155 -156 -157 -163 -170 -173
-29 -36 -36 -37 -45 -48 -52 -52 -51 -52 -57 -53 -56 -56 -57 -56 -63 -66 -74 -79 -85 -91 -94 -98 -93 -88 -92 -104 -120 -132 -140 -136 -133 -121 -99 -101 -100 -109 -106 -127 -157 -133 -116 -99 -79 -70 -79 -102 -100 -75 -66 -70 -71 -78 -77 -73 -74 -78 -78 -81 -81 -79 -80 -83 -88 -92 -94 -98 -103 -109 -114 -118 -123 -129 -134 -137 -139 -139 -140 -137 -141 -146 -151 -153 -154 -155 -160 -169 -172
-38 -43 -41 -40 -44 -46 -54 -53 -47 -45 -49 -50 -51 -50 -48 -49 -57 -61 -71 -79 -86 -93 -100 -99 -98 -100 -107 -115 -117 -117 -106 -91 -117 -129 -108 -90 -78 -91 -110 -135 -158 -144 -121 -99 -90 -76 -83 -96 -102 -84 -72 -77 -87 -98 -83 -69 -70 -74 -76 -79 -82 -84 -86 -89 -92 -96 -100 -104 -108 -112 -116 -119 -124 -130 -135 -139 -140 -141 -142 -139 -141 -147 -152 -154 -154 -155 -159 -168 -172
-47 -44 -46 -46 -50 -58 -58 -54 -44 -43 -48 -51 -51 -47 -48 -55 -60 -65 -73 -79 -85 -92 -99 -101 -102 -107 -111 -117 -112 -106 -81 -80 -108 -134 -117 -93 -96 -97 -114 -139 -162 -152 -124 -91 -100 -88 -86 -94 -108 -99 -74 -81 -98 -74 -82 -73 -73 -74 -72 -78 -80 -86 -88 -92 -95 -100 -104 -109 -112 -115 -118 -121 -125 -131 -138 -140 -142 -143 -142 -140 -141 -147 -153 -156 -155 -155 -161 -169 -172
-47 -49 -52 -53 -49 -59 -59 -50 -49 -49 -52 -54 -55 -52 -53 -55 -66 -71 -73 -78 -84 -87 -92 -95 -97 -101 -104 -109 -100 -82 -60 -56 -73 -126 -132 -137 -124 -107 -112 -137 -164 -152 -134 -108 -102 -92 -88 -92 -104 -121 -96 -94 -95 -84 -99 -82 -75 -73 -75 -78 -76 -80 -83 -88 -93 -97 -103 -108 -113 -117 -122 -123 -126 -132 -138 -142 -142 -143 -142 -141 -143 -147 -152 -155 -157 -158 -163 -171 -173
-45 -44 -47 -56 -50 -57 -57 -49 -53 -54 -57 -60 -59 -55 -57 -61 -65 -64 -64 -71 -80 -85 -90 -92 -94 -97 -98 -101 -99 -91 -80 -68 -84 -118 -131 -131 -119 -90 -101 -128 -154 -154 -142 -116 -103 -90 -93 -94 -99 -116 -107 -93 -83 -74 -87 -92 -84 -73 -78 -81 -83 -80 -83 -87 -92 -95 -100 -105 -111 -117 -123 -123 -126 -130 -135 -139 -142 -143 -143 -143 -144 -146 -146 -154 -159 -163 -167 -171 -172
-44 -51 -56 -56 -57 -62 -63 -58 -62 -58 -62 -65 -62 -52 -57 -67 -67 -58 -60 -64 -74 -83 -90 -91 -92 -95 -96 -98 -103 -106 -111 -113 -101 -126 -134 -131 -127 -97 -91 -117 -152 -161 -159 -132 -108 -82 -99 -97 -105 -125 -119 -88 -74 -72 -76 -76 -95 -104 -91 -85 -86 -79 -85 -90 -93 -93 -97 -101 -108 -114 -119 -121 -125 -128 -133 -137 -141 -144 -145 -143 -145 -148 -139 -154 -162 -169 -171 -172 -172
-57 -58 -60 -61 -60 -61 -66 -63 -67 -57 -63 -64 -60 -53 -55 -62 -67 -64 -64 -64 -67 -81 -92 -93 -91 -96 -100 -100 -102 -98 -110 -127 -128 -134 -132 -129 -133 -109 -88 -96 -109 -153 -161 -142 -131 -93 -90 -91 -107 -120 -121 -94 -75 -70 -73 -77 -78 -83 -88 -93 -99 -89 -89 -96 -95 -91 -92 -95 -104 -109 -113 -115 -120 -124 -130 -136 -140 -143 -146 -148 -150 -153 -155 -160 -165 -171 -172 -173 -172
-61 -62 -62 -59 -63 -67 -71 -68 -70 -66 -64 -61 -57 -52 -57 -62 -64 -61 -66 -65 -63 -75 -84 -93 -94 -96 -102 -103 -108 -108 -117 -127 -131 -136 -128 -127 -138 -129 -91 -83 -76 -102 -127 -128 -131 -120 -106 -93 -106 -116 -111 -92 -76 -70 -73 -76 -79 -82 -85 -89 -94 -88 -87 -91 -95 -90 -89 -90 -98 -105 -109 -110 -114 -118 -126 -133 -139 -143 -148 -153 -155 -158 -160 -162 -165 -169 -172 -172 -170
-64 -65 -67 -67 -68 -72 -72 -69 -73 -69 -64 -56 -58 -57 -60 -64 -66 -68 -74 -69 -64 -73 -75 -96 -96 -91 -93 -97 -101 -110 -120 -126 -128 -140 -131 -124 -148 -137 -107 -94 -97 -127 -116 -111 -132 -148 -128 -116 -111 -118 -107 -87 -71 -71 -73 -77 -81 -83 -84 -84 -94 -83 -80 -84 -84 -83 -85 -89 -94 -102 -108 -105 -111 -115 -122 -131 -139 -145 -153 -159 -161 -162 -162 -162 -164 -168 -172 -171 -168
-65 -67 -68 -69 -72 -75 -74 -76 -76 -68 -61 -56 -62 -62 -62 -62 -65 -63 -70 -76 -78 -71 -61 -78 -115 -83 -82 -86 -86 -91 -103 -116 -127 -131 -137 -151 -162 -180 -147 -114 -132 -149 -105 -74 -103 -136 -129 -123 -109 -104 -93 -78 -71 -72 -72 -74 -79 -83 -85 -88 -102 -89 -79 -78 -77 -80 -81 -84 -90 -100 -108 -109 -109 -111 -114 -126 -140 -152 -161 -165 -166 -163 -161 -161 -163 -166 -171 -172 -166
-66 -67 -63 -70 -73 -77 -78 -80 -72 -63 -53 -57 -67 -62 -58 -56 -57 -61 -67 -77 -83 -67 -52 -61 -92 -71 -72 -72 -68 -75 -80 -92 -105 -127 -130 -139 -151 -171 -155 -142 -158 -159 -116 -68 -71 -111 -116 -110 -94 -89 -82 -74 -68 -70 -71 -74 -77 -81 -85 -91 -97 -83 -77 -74 -75 -77 -78 -80 -88 -99 -107 -105 -106 -108 -112 -125 -142 -158 -170 -172 -167 -162 -160 -160 -163 -166 -170 -174 -167
-68 -72 -72 -75 -75 -77 -80 -85 -69 -62 -58 -59 -61 -59 -56 -55 -59 -61 -63 -67 -75 -77 -73 -84 -108 -72 -66 -68 -64 -68 -67 -65 -72 -107 -111 -108 -109 -136 -139 -137 -147 -157 -139 -105 -103 -103 -105 -101 -86 -78 -73 -71 -70 -71 -70 -73 -75 -78 -84 -90 -97 -85 -78 -76 -76 -76 -78 -77 -88 -98 -103 -100 -103 -105 -110 -122 -144 -166 -177 -174 -166 -160 -159 -163 -164 -167 -172 -176 -174
-69 -72 -74 -77 -73 -71 -79 -90 -72 -63 -60 -56 -54 -56 -59 -57 -58 -60 -60 -62 -68 -73 -72 -96 -98 -79 -70 -74 -70 -72 -72 -68 -72 -83 -97 -112 -117 -110 -110 -116 -129 -137 -141 -111 -91 -101 -99 -86 -73 -69 -69 -69 -69 -71 -72 -72 -74 -76 -81 -86 -90 -85 -78 -79 -77 -74 -76 -77 -92 -98 -93 -92 -98 -101 -106 -116 -143 -170 -178 -173 -160 -154 -158 -162 -164 -167 -170 -175 -177
-69 -73 -75 -77 -73 -74 -79 -88 -78 -63 -53 -50 -52 -52 -51 -54 -55 -56 -56 -56 -55 -62 -67 -84 -91 -95 -85 -70 -69 -70 -76 -70 -67 -69 -78 -85 -88 -69 -81 -89 -99 -112 -122 -104 -90 -82 -82 -74 -66 -64 -66 -68 -67 -70 -71 -70 -71 -73 -78 -82 -84 -84 -82 -80 -80 -77 -77 -82 -91 -93 -87 -84 -90 -95 -100 -109 -138 -169 -187 -181 -169 -160 -154 -157 -160 -164 -167 -173 -178
-69 -73 -76 -79 -78 -78 -78 -86 -88 -80 -57 -51 -50 -50 -50 -52 -53 -53 -55 -54 -55 -57 -58 -66 -78 -91 -91 -80 -75 -88 -86 -74 -66 -64 -67 -74 -77 -71 -69 -73 -75 -83 -92 -87 -80 -74 -73 -70 -67 -65 -67 -68 -67 -70 -72 -72 -74 -76 -77 -79 -80 -81 -83 -79 -79 -78 -79 -83 -90 -91 -84 -82 -85 -93 -99 -107 -133 -168 -182 -181 -176 -165 -152 -151 -155 -161 -166 -173 -177
-65 -73 -76 -80 -80 -78 -79 -76 -84 -74 -64 -51 -49 -48 -48 -51 -52 -53 -54 -53 -54 -55 -54 -60 -65 -80 -93 -89 -69 -88 -88 -72 -61 -61 -58 -68 -76 -74 -64 -65 -68 -71 -73 -72 -66 -68 -67 -66 -64 -64 -67 -68 -69 -71 -75 -75 -75 -74 -76 -78 -76 -79 -79 -77 -77 -78 -80 -82 -87 -91 -82 -81 -86 -93 -99 -104 -120 -155 -178 -180 -177 -158 -146 -145 -151 -158 -166 -173 -178
-67 -69 -68 -78 -82 -82 -82 -82 -80 -67 -67 -58 -51 -50 -46 -48 -50 -51 -50 -51 -51 -51 -51 -53 -57 -68 -81 -84 -78 -78 -76 -61 -56 -54 -55 -60 -64 -66 -61 -59 -58 -60 -64 -63 -60 -62 -63 -62 -62 -63 -66 -69 -71 -74 -77 -73 -72 -74 -77 -78 -78 -78 -77 -76 -76 -77 -78 -80 -84 -86 -82 -81 -86 -93 -96 -99 -118 -149 -173 -177 -167 -137 -131 -136 -147 -159 -169 -177 -181
-72 -72 -71 -79 -84 -84 -85 -86 -88 -87 -88 -84 -70 -63 -54 -54 -50 -51 -49 -51 -50 -45 -44 -44 -45 -50 -52 -53 -50 -55 -51 -53 -50 -48 -49 -52 -54 -56 -56 -55 -56 -57 -58 -58 -58 -60 -61 -61 -62 -64 -67 -69 -73 -74 -72 -69 -72 -76 -77 -80 -80 -78 -75 -76 -77 -78 -79 -83 -85 -84 -82 -83 -85 -96 -99 -100 -117 -148 -177 -192 -181 -157 -138 -136 -148 -162 -178 -185 -185
-73 -76 -77 -80 -82 -83 -85 -86 -87 -88 -89 -88 -85 -79 -78 -76 -61 -58 -60 -59 -54 -38 -34 -33 -32 -34 -33 -36 -37 -38 -39 -40 -41 -42 -43 -43 -46 -48 -49 -49 -49 -51 -54 -55 -57 -59 -59 -59 -60 -62 -66 -69 -72 -71 -70 -71 -75 -79 -77 -79 -78 -77 -76 -76 -77 -78 -80 -84 -85 -84 -83 -82 -83 -92 -98 -103 -120 -149 -178 -195 -184 -161 -142 -137 -149 -165 -184 -189 -186
-72 -75 -76 -79 -80 -81 -82 -84 -85 -86 -87 -89 -89 -85 -83 -83 -76 -72 -76 -75 -61 -33 -27 -24 -29 -28 -25 -28 -30 -30 -30 -33 -35 -35 -37 -39 -41 -43 -44 -45 -45 -45 -49 -51 -54 -57 -58 -58 -58 -59 -63 -66 -69 -67 -66 -71 -75 -78 -78 -78 -76 -74 -73 -72 -75 -78 -81 -84 -85 -84 -81 -81 -86 -92 -97 -103 -126 -155 -185 -206 -183 -161 -143 -133 -151 -170 -186 -193 -188
-71 -73 -75 -77 -78 -80 -81 -82 -84 -85 -86 -87 -88 -87 -88 -86 -88 -88 -89 -86 -82 -56 -37 -31 -32 -29 -28 -26 -27 -27 -28 -30 -31 -32 -34 -36 -38 -39 -41 -41 -43 -44 -46 -48 -50 -55 -57 -57 -57 -56 -61 -64 -66 -67 -68 -73 -75 -77 -76 -76 -74 -74 -71 -74 -75 -78 -81 -84 -87 -85 -84 -84 -90 -92 -97 -105 -130 -161 -182 -187 -171 -157 -150 -143 -159 -178 -190 -195 -191
-71 -72 -74 -76 -78 -79 -81 -82 -83 -85 -86 -86 -87 -87 -87 -88 -88 -88 -89 -88 -84 -79 -62 -42 -42 -33 -36 -29 -31 -26 -23 -26 -28 -29 -30 -32 -33 -35 -37 -38 -40 -41 -43 -46 -49 -53 -53 -54 -56 -57 -60 -62 -65 -66 -68 -73 -73 -75 -75 -74 -73 -74 -74 -75 -76 -77 -79 -85 -94 -87 -86 -86 -92 -92 -94 -105 -136 -170 -189 -179 -164 -157 -154 -146 -165 -186 -196 -200 -196
-67 -69 -72 -74 -76 -78 -80 -81 -83 -84 -85 -85 -84 -85 -86 -87 -87 -87 -86 -86 -85 -82 -75 -68 -69 -62 -63 -54 -48 -38 -26 -25 -26 -27 -28 -28 -29 -31 -33 -34 -35 -37 -40 -42 -45 -48 -50 -51 -53 -55 -58 -60 -62 -64 -67 -71 -73 -74 -73 -72 -73 -75 -75 -76 -76 -76 -77 -83 -86 -82 -82 -86 -92 -92 -96 -114 -144 -172 -183 -167 -147 -152 -155 -148 -172 -191 -200 -203 -201
-68 -69 -71 -70 -74 -76 -78 -80 -82 -83 -85 -86 -85 -85 -85 -86 -86 -86 -82 -85 -85 -84 -83 -82 -80 -79 -78 -77 -67 -58 -43 -31 -29 -27 -27 -27 -26 -29 -30 -32 -32 -34 -36 -39 -42 -44 -47 -50 -52 -53 -55 -58 -60 -62 -64 -69 -72 -73 -72 -70 -73 -75 -76 -77 -77 -77 -79 -85 -85 -83 -84 -85 -88 -89 -94 -119 -154 -183 -192 -163 -125 -156 -173 -178 -190 -204 -206 -207 -207
-66 -68 -69 -69 -72 -72 -75 -77 -79 -81 -84 -85 -86 -85 -86 -87 -87 -87 -86 -85 -82 -80 -75 -77 -78 -81 -80 -79 -76 -73 -69 -49 -40 -33 -31 -31 -26 -27 -29 -31 -32 -33 -35 -36 -39 -41 -43 -45 -48 -51 -53 -55 -59 -61 -63 -67 -70 -72 -71 -72 -74 -75 -75 -75 -76 -77 -79 -86 -84 -84 -84 -82 -87 -90 -105 -135 -167 -182 -200 -181 -169 -185 -194 -203 -204 -210 -210 -209 -210
-65 -66 -68 -69 -67 -63 -69 -73 -76 -77 -81 -83 -85 -85 -87 -87 -86 -86 -86 -84 -79 -78 -70 -61 -72 -79 -81 -81 -80 -79 -78 -71 -64 -62 -63 -52 -37 -33 -26 -29 -30 -32 -34 -34 -36 -37 -39 -40 -43 -46 -50 -53 -57 -60 -61 -64 -66 -68 -69 -69 -73 -74 -75 -77 -76 -76 -76 -83 -84 -83 -83 -82 -85 -91 -127 -155 -166 -165 -183 -186 -205 -205 -207 -206 -205 -208 -210 -211 -211
-64 -65 -66 -67 -67 -68 -70 -69 -70 -72 -78 -80 -83 -83 -88 -89 -88 -84 -88 -86 -87 -84 -75 -73 -76 -83 -84 -83 -83 -84 -86 -89 -85 -84 -81 -80 -79 -53 -36 -32 -29 -31 -33 -34 -35 -34 -37 -38 -40 -42 -46 -51 -54 -58 -58 -62 -63 -67 -70 -72 -75 -75 -76 -80 -77 -76 -78 -82 -84 -83 -82 -81 -90 -118 -161 -183 -174 -177 -173 -166 -178 -205 -214 -201 -201 -205 -209 -212 -210
-61 -63 -64 -65 -66 -68 -70 -67 -62 -64 -71 -73 -73 -76 -86 -89 -90 -87 -85 -81 -88 -89 -86 -84 -85 -86 -87 -86 -86 -87 -88 -90 -90 -92 -89 -88 -88 -82 -58 -39 -28 -30 -32 -32 -32 -30 -34 -36 -37 -40 -43 -46 -49 -54 -56 -60 -60 -66 -72 -73 -74 -75 -77 -78 -75 -76 -79 -78 -83 -82 -81 -79 -96 -135 -175 -170 -152 -144 -130 -141 -169 -201 -208 -188 -196 -202 -211 -210 -208
-57 -59 -58 -62 -64 -65 -68 -69 -63 -57 -66 -67 -69 -68 -80 -86 -89 -92 -87 -84 -82 -76 -84 -86 -90 -85 -86 -87 -88 -89 -90 -91 -92 -92 -90 -88 -87 -84 -67 -43 -31 -29 -30 -29 -31 -31 -32 -34 -36 -39 -41 -43 -46 -50 -53 -56 -59 -63 -66 -69 -71 -74 -76 -77 -72 -76 -80 -80 -82 -79 -82 -97 -120 -146 -171 -144 -118 -126 -134 -152 -176 -197 -203 -197 -202 -207 -211 -208 -205
-54 -57 -58 -61 -63 -64 -66 -69 -69 -67 -74 -75 -76 -75 -82 -83 -85 -87 -87 -87 -85 -82 -86 -82 -77 -74 -81 -86 -88 -91 -92 -93 -92 -92 -89 -84 -82 -84 -76 -52 -36 -29 -29 -29 -31 -31 -32 -33 -34 -37 -40 -42 -45 -47 -50 -53 -57 -61 -64 -67 -70 -73 -75 -77 -74 -78 -86 -91 -89 -83 -97 -116 -142 -146 -146 -120 -117 -126 -145 -165 -187 -202 -205 -204 -209 -214 -213 -206 -202
-50 -53 -56 -58 -60 -61 -63 -66 -67 -68 -73 -75 -76 -77 -80 -81 -82 -84 -85 -86 -87 -87 -86 -83 -67 -65 -62 -74 -86 -92 -94 -92 -72 -87 -73 -69 -64 -68 -62 -51 -40 -29 -27 -29 -31 -32 -32 -32 -30 -34 -38 -40 -43 -46 -48 -49 -55 -58 -61 -64 -67 -71 -75 -73 -71 -78 -89 -104 -108 -113 -124 -136 -142 -141 -133 -122 -127 -147 -159 -176 -188 -201 -212 -215 -214 -213 -208 -200 -197
-48 -51 -55 -54 -56 -58 -60 -62 -64 -65 -65 -70 -74 -76 -78 -79 -80 -81 -83 -84 -85 -86 -86 -86 -84 -79 -77 -82 -89 -91 -91 -89 -82 -83 -74 -66 -62 -61 -57 -50 -42 -33 -28 -29 -30 -31 -31 -32 -32 -34 -36 -39 -42 -44 -46 -49 -52 -55 -58 -62 -65 -69 -73 -72 -73 -83 -98 -113 -117 -123 -127 -130 -135 -142 -153 -143 -141 -151 -165 -183 -197 -209 -221 -219 -213 -208 -197 -177 -187
-46 -49 -50 -52 -53 -55 -57 -59 -61 -63 -66 -69 -71 -73 -75 -77 -78 -79 -80 -82 -83 -84 -85 -87 -87 -89 -90 -90 -90 -89 -89 -88 -88 -87 -77 -66 -63 -60 -56 -50 -44 -35 -28 -27 -28 -31 -30 -31 -33 -33 -35 -38 -40 -41 -44 -47 -50 -53 -56 -59 -62 -69 -74 -70 -70 -86 -104 -113 -113 -113 -118 -117 -123 -129 -139 -145 -143 -148 -165 -191 -206 -217 -233 -222 -210 -206 -202 -197 -192
