data/bathymetric_data/GEBCO2014_-71.3956_41.3653_-65.8981_45.5522_30Sec_ESRIASCII.asc
ncols        660
nrows        502
xllcorner    -71.395600000000
yllcorner    41.365300000000
dx           0.008329545455
dy           0.008340438247
NODATA_value -32768
[rows 390 to 428 of 502, columns 534 to 622 of 660]
-288 -288 -289 -294 -292 -291 -289 -288 -288 -287 -287 -288 -288 -289 -289 -289 -289 -289 -288 -288 -287 -287 -286 -287 -286 -285 -285 -284 -284 -285 -284 -283 -282 -281 -280 -279 -278 -277 -276 -275 -273 -273 -273 -272 -272 -271 -270 -269 -268 -266 -265 -264 -263 -263 -264 -263 -263 -263 -263 -262 -261 -261 -261 -259 -258 -255 -254 -252 -250 -248 -245 -244 -241 -237 -235 -233 -231 -229 -227 -226 -224 -224 -223 -223 -223 -224 -224 -225 -226
-283 -284 -285 -287 -286 -285 -284 -283 -283 -283 -283 -283 -284 -284 -284 -284 -284 -284 -283 -283 -283 -283 -283 -283 -282 -282 -281 -281 -281 -281 -282 -286 -281 -280 -277 -276 -275 -273 -272 -271 -269 -269 -269 -268 -267 -267 -266 -265 -264 -263 -262 -261 -259 -259 -260 -259 -258 -258 -258 -257 -257 -256 -256 -255 -254 -251 -247 -247 -246 -245 -242 -241 -238 -235 -233 -230 -228 -227 -226 -224 -223 -222 -222 -222 -222 -222 -222 -222 -223
-278 -279 -280 -279 -279 -280 -278 -278 -278 -278 -278 -278 -278 -278 -278 -278 -278 -279 -278 -278 -278 -279 -278 -279 -279 -278 -277 -278 -277 -276 -275 -275 -274 -279 -273 -272 -271 -270 -268 -267 -265 -265 -265 -264 -263 -262 -262 -261 -260 -260 -260 -258 -255 -256 -256 -255 -254 -254 -252 -251 -252 -252 -251 -251 -250 -249 -247 -244 -242 -242 -239 -238 -235 -233 -230 -228 -226 -225 -224 -223 -222 -221 -220 -220 -220 -220 -221 -221 -222
-270 -271 -271 -271 -271 -271 -267 -270 -271 -271 -272 -272 -272 -271 -271 -272 -272 -272 -272 -272 -272 -272 -272 -272 -272 -272 -271 -271 -270 -270 -269 -269 -268 -271 -269 -268 -266 -265 -264 -263 -262 -261 -260 -259 -259 -258 -258 -257 -256 -256 -255 -254 -253 -252 -252 -251 -250 -249 -241 -244 -247 -247 -246 -246 -246 -245 -242 -240 -238 -237 -235 -234 -231 -230 -228 -226 -224 -223 -222 -220 -220 -219 -219 -218 -218 -219 -219 -219 -220
-262 -264 -263 -262 -262 -261 -260 -259 -262 -263 -264 -264 -264 -263 -264 -265 -265 -265 -264 -264 -264 -265 -265 -265 -265 -264 -264 -264 -263 -263 -263 -263 -263 -264 -265 -269 -263 -261 -259 -258 -258 -257 -256 -255 -254 -253 -252 -252 -251 -251 -251 -250 -248 -247 -247 -247 -246 -244 -240 -241 -242 -242 -241 -241 -240 -240 -238 -235 -232 -231 -231 -230 -228 -226 -224 -223 -221 -220 -219 -218 -217 -217 -216 -216 -217 -217 -216 -215 -217
-251 -252 -252 -253 -253 -253 -254 -254 -256 -256 -256 -256 -256 -257 -257 -258 -258 -257 -257 -256 -256 -256 -256 -256 -257 -257 -256 -256 -256 -255 -256 -256 -256 -255 -255 -255 -255 -255 -255 -254 -253 -253 -251 -250 -248 -248 -247 -246 -246 -246 -246 -245 -243 -241 -243 -242 -241 -240 -239 -238 -238 -237 -236 -235 -234 -235 -234 -232 -229 -226 -227 -226 -224 -222 -221 -220 -218 -218 -217 -216 -215 -214 -214 -214 -215 -215 -215 -215 -216
-242 -244 -244 -244 -245 -245 -246 -246 -247 -247 -247 -248 -248 -249 -249 -249 -249 -249 -249 -248 -248 -248 -248 -248 -248 -248 -248 -248 -248 -247 -247 -248 -247 -247 -247 -247 -248 -254 -250 -247 -246 -246 -245 -244 -242 -241 -240 -240 -240 -240 -240 -239 -238 -237 -238 -237 -236 -234 -234 -233 -232 -231 -230 -230 -230 -230 -228 -227 -225 -223 -222 -221 -221 -219 -218 -217 -215 -215 -214 -213 -213 -212 -212 -212 -212 -213 -213 -214 -214
-235 -236 -236 -236 -236 -237 -238 -238 -239 -239 -239 -240 -241 -241 -241 -241 -241 -241 -241 -241 -240 -240 -239 -240 -240 -239 -239 -239 -239 -239 -239 -239 -239 -239 -239 -240 -241 -243 -243 -242 -240 -240 -239 -237 -235 -233 -234 -234 -234 -235 -234 -233 -232 -232 -232 -231 -230 -229 -229 -227 -226 -225 -225 -224 -224 -224 -223 -222 -220 -220 -219 -218 -217 -216 -215 -214 -214 -213 -212 -211 -211 -210 -210 -209 -209 -210 -211 -211 -213
-226 -226 -227 -227 -227 -227 -229 -229 -231 -231 -231 -231 -232 -232 -232 -233 -233 -233 -233 -233 -230 -231 -231 -231 -231 -231 -231 -231 -231 -231 -231 -230 -230 -231 -231 -231 -232 -232 -236 -237 -231 -232 -231 -230 -229 -228 -228 -228 -229 -228 -227 -227 -227 -226 -225 -224 -223 -223 -222 -220 -220 -219 -218 -218 -218 -217 -216 -216 -214 -214 -214 -214 -213 -212 -211 -211 -211 -210 -209 -209 -208 -208 -208 -208 -208 -208 -210 -211 -212
-221 -217 -216 -218 -217 -218 -219 -220 -222 -223 -221 -222 -223 -224 -224 -224 -224 -225 -224 -225 -223 -223 -223 -223 -223 -223 -223 -223 -223 -223 -223 -223 -223 -223 -223 -224 -225 -225 -232 -241 -226 -223 -224 -223 -223 -222 -223 -223 -223 -223 -223 -222 -221 -222 -222 -218 -218 -217 -216 -211 -204 -213 -212 -212 -211 -210 -210 -210 -206 -203 -205 -210 -209 -207 -207 -207 -206 -206 -206 -205 -205 -205 -206 -206 -206 -207 -208 -208 -210
-214 -212 -212 -214 -211 -211 -214 -213 -215 -216 -215 -215 -217 -216 -215 -215 -217 -217 -215 -217 -216 -215 -216 -216 -217 -216 -216 -215 -217 -217 -217 -217 -217 -217 -217 -216 -218 -218 -221 -230 -231 -219 -218 -217 -218 -218 -218 -218 -218 -218 -219 -218 -216 -216 -216 -214 -213 -212 -211 -208 -205 -208 -207 -208 -206 -206 -205 -203 -194 -174 -134 -178 -196 -201 -203 -204 -203 -203 -203 -203 -202 -203 -203 -203 -203 -204 -205 -205 -206
-198 -198 -200 -204 -201 -200 -201 -202 -204 -206 -206 -206 -207 -208 -206 -209 -210 -211 -210 -210 -210 -210 -210 -210 -210 -210 -209 -207 -210 -211 -211 -212 -212 -212 -212 -212 -213 -211 -213 -216 -214 -212 -211 -211 -212 -213 -212 -212 -212 -212 -213 -213 -210 -210 -209 -209 -209 -208 -207 -206 -206 -204 -203 -205 -201 -202 -202 -202 -197 -192 -187 -197 -197 -198 -200 -200 -200 -200 -200 -200 -199 -200 -200 -200 -202 -203 -204 -205 -206
-184 -185 -188 -189 -193 -192 -192 -193 -195 -197 -200 -199 -200 -200 -199 -202 -203 -204 -203 -204 -204 -205 -205 -205 -205 -204 -204 -204 -205 -204 -206 -207 -207 -206 -207 -208 -207 -207 -207 -208 -207 -207 -208 -204 -208 -206 -207 -206 -205 -206 -207 -207 -205 -204 -204 -204 -204 -204 -203 -202 -201 -200 -200 -199 -197 -197 -197 -197 -195 -192 -193 -195 -194 -194 -194 -196 -197 -197 -196 -196 -196 -197 -198 -198 -200 -201 -202 -203 -204
-164 -165 -168 -167 -177 -186 -180 -179 -183 -183 -187 -190 -191 -189 -189 -194 -196 -193 -193 -198 -198 -195 -195 -197 -197 -194 -195 -197 -196 -194 -196 -199 -199 -197 -198 -200 -200 -198 -198 -201 -199 -201 -202 -210 -211 -204 -203 -198 -196 -199 -201 -199 -197 -198 -199 -199 -199 -200 -200 -198 -197 -197 -196 -194 -193 -192 -192 -192 -191 -191 -191 -191 -190 -191 -191 -192 -192 -192 -192 -193 -194 -195 -196 -197 -197 -198 -200 -201 -202
-132 -135 -140 -134 -152 -159 -154 -158 -161 -164 -168 -170 -172 -169 -169 -174 -175 -175 -175 -179 -179 -178 -177 -177 -178 -178 -180 -179 -179 -178 -179 -181 -182 -180 -182 -182 -183 -183 -181 -184 -183 -182 -175 -173 -202 -184 -186 -183 -181 -183 -185 -187 -185 -185 -187 -190 -191 -194 -193 -192 -192 -191 -190 -189 -188 -189 -188 -188 -188 -188 -188 -188 -187 -188 -187 -187 -186 -187 -188 -190 -191 -193 -194 -196 -195 -195 -197 -199 -198
-108 -110 -114 -111 -123 -123 -126 -140 -136 -140 -140 -141 -141 -135 -139 -142 -143 -146 -147 -147 -148 -149 -149 -151 -152 -152 -153 -155 -156 -156 -155 -157 -160 -158 -158 -158 -160 -159 -158 -160 -159 -160 -157 -153 -164 -160 -167 -162 -160 -159 -165 -169 -166 -170 -172 -175 -181 -187 -186 -184 -185 -186 -184 -183 -184 -185 -185 -184 -185 -185 -184 -186 -185 -185 -184 -184 -184 -185 -186 -187 -189 -191 -192 -195 -192 -191 -193 -196 -193
-97 -99 -100 -102 -106 -106 -112 -125 -122 -123 -119 -116 -116 -116 -117 -115 -116 -120 -121 -118 -120 -124 -125 -125 -128 -130 -132 -133 -135 -135 -134 -131 -131 -132 -130 -126 -126 -128 -129 -126 -128 -127 -126 -128 -135 -142 -170 -151 -142 -140 -148 -151 -152 -153 -154 -155 -159 -163 -166 -167 -171 -174 -174 -173 -175 -179 -181 -180 -181 -184 -181 -182 -182 -181 -180 -182 -181 -180 -182 -186 -188 -188 -190 -194 -190 -185 -185 -186 -180
-91 -95 -94 -95 -96 -95 -98 -99 -101 -110 -101 -102 -103 -102 -103 -101 -102 -102 -103 -102 -104 -105 -107 -108 -112 -113 -116 -117 -119 -118 -116 -112 -113 -112 -109 -109 -107 -103 -106 -105 -107 -106 -106 -105 -108 -105 -111 -116 -119 -119 -127 -131 -135 -133 -133 -133 -135 -138 -143 -147 -153 -157 -158 -160 -162 -164 -166 -172 -170 -172 -171 -171 -171 -172 -169 -169 -168 -168 -170 -175 -178 -179 -180 -178 -174 -171 -170 -169 -163
-83 -87 -86 -89 -88 -89 -91 -88 -89 -94 -92 -91 -91 -92 -92 -89 -89 -88 -91 -89 -91 -91 -94 -92 -98 -100 -100 -100 -101 -102 -101 -98 -99 -99 -96 -98 -97 -96 -96 -94 -96 -95 -92 -92 -94 -92 -91 -99 -102 -95 -99 -103 -106 -106 -108 -110 -112 -115 -119 -124 -130 -135 -141 -143 -143 -143 -146 -149 -151 -155 -156 -156 -155 -159 -152 -146 -145 -147 -151 -158 -164 -160 -162 -156 -149 -145 -145 -143 -141
-75 -76 -78 -80 -80 -81 -82 -82 -82 -85 -86 -86 -85 -86 -85 -84 -84 -84 -85 -84 -85 -84 -84 -80 -87 -91 -92 -93 -93 -91 -93 -93 -93 -94 -92 -93 -92 -92 -91 -90 -90 -89 -88 -88 -89 -88 -87 -92 -98 -91 -89 -90 -92 -93 -92 -91 -95 -100 -104 -104 -111 -116 -120 -124 -123 -121 -122 -124 -127 -130 -130 -131 -132 -133 -131 -127 -126 -125 -130 -138 -154 -138 -133 -130 -125 -123 -121 -121 -122
-68 -66 -69 -72 -72 -72 -74 -75 -77 -79 -81 -82 -80 -81 -79 -81 -81 -81 -81 -81 -81 -80 -81 -80 -84 -86 -87 -88 -88 -80 -89 -88 -90 -90 -90 -89 -89 -88 -88 -88 -87 -87 -86 -86 -86 -84 -83 -83 -87 -84 -82 -82 -83 -84 -83 -83 -84 -88 -94 -94 -96 -98 -98 -104 -103 -99 -99 -101 -105 -105 -105 -107 -108 -109 -111 -109 -107 -103 -107 -106 -106 -101 -103 -106 -104 -103 -100 -103 -105
-65 -63 -66 -67 -67 -67 -69 -70 -72 -75 -77 -78 -79 -78 -72 -79 -79 -79 -79 -79 -78 -79 -80 -78 -82 -84 -85 -86 -87 -83 -86 -79 -87 -88 -88 -87 -87 -85 -85 -86 -86 -86 -85 -85 -84 -83 -82 -82 -82 -80 -79 -80 -81 -79 -80 -81 -80 -79 -80 -85 -88 -88 -91 -93 -91 -89 -91 -92 -93 -91 -93 -93 -94 -97 -99 -99 -99 -98 -98 -97 -97 -97 -98 -95 -97 -100 -99 -98 -98
-63 -63 -64 -65 -66 -67 -67 -68 -69 -72 -74 -75 -75 -69 -69 -69 -75 -77 -76 -74 -71 -75 -77 -76 -81 -83 -84 -84 -85 -84 -85 -83 -86 -87 -86 -86 -83 -76 -81 -84 -84 -84 -84 -84 -83 -82 -82 -82 -81 -81 -79 -80 -80 -81 -82 -81 -80 -79 -79 -83 -87 -85 -86 -87 -86 -85 -87 -88 -88 -86 -87 -86 -86 -89 -89 -86 -89 -92 -92 -91 -93 -94 -96 -97 -97 -98 -98 -96 -97
-63 -64 -65 -65 -65 -65 -66 -67 -70 -71 -73 -74 -77 -76 -75 -77 -78 -78 -76 -73 -76 -76 -76 -73 -80 -81 -83 -83 -83 -83 -84 -85 -85 -85 -85 -85 -86 -84 -83 -84 -84 -84 -83 -83 -83 -82 -82 -82 -81 -81 -80 -80 -80 -80 -81 -80 -80 -80 -80 -82 -83 -83 -84 -84 -84 -84 -85 -86 -86 -85 -86 -86 -85 -86 -87 -87 -88 -88 -89 -89 -91 -92 -93 -94 -95 -96 -97 -95 -96
-63 -64 -64 -64 -64 -65 -67 -69 -70 -71 -72 -74 -75 -75 -75 -77 -77 -77 -76 -76 -77 -77 -78 -75 -74 -72 -80 -81 -82 -80 -77 -83 -83 -84 -84 -84 -84 -84 -83 -83 -83 -83 -83 -83 -82 -82 -82 -81 -80 -81 -80 -81 -80 -79 -77 -80 -80 -80 -80 -81 -82 -82 -83 -83 -84 -84 -86 -85 -83 -81 -85 -86 -85 -85 -86 -87 -87 -87 -88 -88 -89 -90 -91 -92 -93 -95 -95 -94 -95
-62 -63 -63 -64 -64 -65 -67 -69 -70 -70 -71 -71 -69 -72 -74 -76 -76 -76 -76 -76 -77 -77 -77 -76 -74 -71 -74 -79 -80 -80 -79 -82 -82 -83 -83 -83 -83 -83 -83 -82 -81 -82 -82 -82 -81 -81 -79 -76 -78 -80 -80 -80 -80 -79 -78 -79 -80 -80 -80 -81 -81 -81 -82 -83 -83 -84 -84 -84 -83 -82 -83 -85 -85 -85 -86 -86 -86 -86 -87 -87 -88 -89 -90 -90 -92 -92 -93 -93 -94
-61 -61 -63 -63 -63 -64 -66 -68 -69 -70 -71 -73 -73 -72 -74 -75 -75 -75 -75 -76 -76 -77 -77 -77 -77 -77 -77 -79 -80 -79 -81 -81 -81 -81 -82 -83 -82 -82 -82 -82 -79 -81 -81 -81 -81 -81 -81 -79 -79 -80 -80 -80 -80 -79 -79 -80 -80 -80 -80 -81 -81 -80 -82 -82 -83 -83 -84 -84 -84 -84 -85 -85 -85 -85 -86 -86 -86 -86 -87 -88 -88 -89 -90 -90 -92 -92 -93 -93 -93
-58 -54 -59 -61 -62 -63 -65 -66 -67 -69 -72 -73 -73 -74 -74 -75 -74 -67 -71 -75 -75 -76 -76 -76 -77 -77 -78 -78 -71 -74 -79 -80 -81 -76 -70 -80 -81 -81 -81 -81 -80 -80 -81 -81 -81 -81 -80 -80 -79 -80 -80 -80 -80 -79 -79 -80 -80 -80 -81 -82 -81 -81 -82 -82 -83 -83 -83 -84 -84 -84 -85 -85 -85 -85 -86 -86 -86 -86 -87 -88 -88 -89 -90 -89 -91 -92 -92 -93 -93
-59 -57 -58 -60 -62 -63 -66 -66 -64 -68 -72 -74 -74 -74 -74 -74 -73 -70 -72 -74 -74 -75 -75 -76 -76 -76 -77 -77 -74 -74 -74 -72 -76 -75 -74 -78 -80 -80 -79 -77 -79 -78 -79 -80 -80 -80 -80 -79 -79 -79 -79 -80 -79 -79 -79 -79 -79 -80 -83 -84 -82 -82 -83 -83 -82 -81 -79 -82 -83 -84 -84 -85 -85 -85 -85 -86 -86 -86 -87 -88 -88 -89 -88 -87 -89 -91 -91 -91 -88
-62 -61 -61 -61 -61 -62 -68 -70 -71 -71 -74 -76 -75 -74 -73 -73 -72 -73 -72 -74 -73 -74 -74 -75 -75 -75 -76 -77 -77 -76 -76 -76 -76 -75 -76 -78 -79 -79 -79 -79 -79 -77 -79 -79 -79 -79 -79 -79 -79 -79 -79 -79 -79 -79 -79 -80 -80 -80 -81 -87 -81 -81 -81 -82 -82 -82 -82 -83 -83 -84 -84 -84 -84 -85 -85 -86 -86 -86 -87 -88 -88 -89 -89 -89 -90 -91 -91 -91 -91
-64 -63 -64 -62 -61 -61 -65 -70 -73 -70 -75 -77 -77 -73 -72 -73 -73 -73 -70 -73 -71 -73 -73 -74 -75 -74 -75 -76 -77 -76 -73 -71 -73 -71 -74 -76 -77 -76 -78 -80 -81 -80 -79 -79 -77 -76 -78 -79 -79 -79 -79 -79 -80 -80 -79 -80 -80 -80 -80 -83 -80 -81 -81 -81 -82 -83 -83 -82 -83 -84 -84 -84 -84 -84 -85 -86 -85 -86 -86 -87 -89 -88 -88 -89 -90 -90 -90 -91 -89
-66 -66 -65 -63 -58 -53 -59 -65 -68 -62 -70 -77 -80 -68 -66 -62 -67 -68 -64 -66 -61 -67 -68 -71 -73 -70 -73 -75 -78 -75 -71 -69 -67 -70 -72 -75 -78 -78 -80 -82 -82 -82 -82 -79 -73 -65 -74 -78 -79 -79 -79 -79 -80 -80 -79 -79 -80 -80 -81 -82 -81 -80 -81 -79 -81 -82 -82 -83 -83 -84 -84 -84 -84 -84 -85 -85 -86 -86 -86 -87 -88 -88 -88 -88 -89 -90 -90 -90 -89
-69 -65 -65 -65 -62 -61 -60 -64 -68 -65 -69 -73 -74 -73 -71 -71 -70 -70 -68 -71 -71 -71 -72 -73 -73 -73 -74 -74 -76 -75 -74 -75 -75 -71 -72 -74 -78 -78 -80 -83 -83 -83 -83 -80 -77 -77 -80 -79 -81 -82 -80 -79 -82 -82 -78 -79 -79 -79 -80 -83 -81 -81 -81 -78 -81 -82 -82 -82 -83 -84 -83 -83 -84 -84 -84 -85 -86 -87 -84 -87 -88 -88 -88 -88 -89 -90 -90 -90 -90
-62 -65 -66 -67 -62 -62 -60 -61 -63 -64 -67 -71 -72 -71 -70 -70 -70 -70 -69 -70 -71 -71 -72 -73 -73 -73 -73 -73 -73 -74 -74 -74 -73 -69 -70 -72 -75 -76 -77 -81 -82 -81 -81 -80 -79 -79 -80 -80 -81 -81 -80 -80 -81 -80 -79 -79 -79 -79 -80 -81 -81 -81 -81 -81 -81 -81 -82 -82 -84 -85 -84 -84 -84 -81 -84 -85 -86 -86 -79 -86 -87 -87 -87 -87 -87 -89 -90 -90 -91
-59 -61 -63 -65 -64 -63 -58 -56 -52 -59 -65 -68 -69 -69 -69 -69 -69 -68 -68 -69 -70 -70 -71 -70 -71 -72 -73 -72 -70 -71 -72 -72 -72 -72 -70 -69 -71 -74 -77 -81 -81 -80 -78 -79 -79 -79 -79 -80 -80 -81 -79 -79 -80 -79 -79 -79 -79 -79 -80 -81 -81 -81 -82 -82 -81 -80 -81 -86 -88 -88 -88 -88 -88 -88 -89 -85 -85 -83 -79 -78 -81 -83 -83 -85 -83 -87 -89 -90 -90
-59 -57 -61 -63 -64 -63 -60 -58 -57 -61 -65 -67 -67 -67 -67 -66 -66 -67 -67 -67 -68 -68 -70 -69 -69 -70 -71 -71 -69 -70 -70 -70 -70 -70 -69 -68 -70 -73 -76 -80 -81 -78 -77 -78 -78 -78 -79 -79 -80 -80 -80 -79 -79 -80 -80 -79 -79 -79 -80 -81 -81 -82 -83 -82 -81 -82 -84 -92 -93 -95 -96 -95 -97 -98 -98 -89 -87 -83 -79 -78 -78 -79 -79 -85 -86 -86 -87 -88 -88
-58 -58 -59 -62 -65 -63 -61 -61 -60 -63 -65 -66 -66 -66 -65 -65 -66 -66 -67 -66 -66 -66 -67 -67 -67 -68 -68 -78 -71 -70 -69 -69 -68 -67 -67 -67 -68 -71 -74 -76 -76 -74 -76 -77 -78 -78 -78 -79 -80 -81 -80 -80 -80 -81 -81 -80 -79 -79 -80 -81 -81 -83 -83 -82 -80 -85 -93 -104 -95 -99 -108 -112 -112 -113 -114 -101 -91 -84 -79 -77 -76 -77 -78 -80 -81 -80 -82 -83 -83
-57 -56 -57 -59 -60 -56 -63 -62 -61 -63 -65 -66 -65 -65 -65 -65 -66 -66 -67 -66 -65 -66 -66 -66 -66 -67 -69 -72 -70 -68 -67 -68 -67 -67 -66 -66 -65 -69 -73 -75 -75 -75 -77 -78 -78 -78 -78 -79 -81 -81 -81 -81 -81 -81 -82 -80 -78 -78 -79 -80 -81 -83 -85 -83 -82 -84 -93 -96 -92 -93 -92 -103 -109 -107 -106 -103 -91 -84 -77 -75 -75 -76 -76 -76 -77 -78 -80 -80 -81
-56 -54 -55 -57 -60 -57 -58 -60 -62 -63 -64 -65 -66 -64 -65 -64 -65 -65 -69 -66 -65 -66 -66 -66 -67 -68 -68 -69 -69 -68 -69 -69 -70 -68 -67 -66 -66 -69 -73 -75 -75 -75 -76 -77 -78 -78 -78 -80 -81 -82 -82 -81 -81 -80 -79 -78 -77 -77 -77 -78 -80 -82 -86 -84 -82 -81 -83 -86 -84 -80 -83 -88 -91 -92 -91 -88 -84 -82 -79 -77 -77 -78 -78 -78 -77 -78 -79 -79 -81
